Materials:
r:0.000000 g:1.000000 b:0.000000 Ka:0.200000 Kd:0.700000 Ks:0.500000 Kr:0.000000 c:0.000000
r:1.000000 g:0.000000 b:0.000000 Ka:0.200000 Kd:0.700000 Ks:0.500000 Kr:0.000000 c:16.000000
r:0.000000 g:1.000000 b:0.000000 Ka:0.200000 Kd:0.700000 Ks:0.500000 Kr:0.000000 c:16.000000
r:0.000000 g:0.000000 b:1.000000 Ka:0.200000 Kd:0.700000 Ks:0.500000 Kr:0.000000 c:16.000000
r:1.000000 g:1.000000 b:1.000000 Ka:0.200000 Kd:0.700000 Ks:0.500000 Kr:0.200000 c:32.000000
Objects:
type:0 material:1 pos:0.050000,-1.399482,0.050000 radius:0.100000 mass:0.100000
type:0 material:2 pos:2.000000,-1.000722,0.050000 radius:0.500000 mass:1.000000
