Materials:
r:0.000000 g:1.000000 b:0.000000 Ka:0.200000 Kd:0.700000 Ks:0.500000 Kr:0.000000 c:0.000000
r:1.000000 g:0.000000 b:0.000000 Ka:0.200000 Kd:0.700000 Ks:0.500000 Kr:0.000000 c:16.000000
r:0.000000 g:1.000000 b:0.000000 Ka:0.200000 Kd:0.700000 Ks:0.500000 Kr:0.000000 c:16.000000
r:0.000000 g:0.000000 b:1.000000 Ka:0.200000 Kd:0.700000 Ks:0.500000 Kr:0.000000 c:16.000000
r:1.000000 g:1.000000 b:1.000000 Ka:0.200000 Kd:0.700000 Ks:0.500000 Kr:0.200000 c:32.000000
Objects:
type:0 material:1 pos:-0.290162,-1.400685,-0.251289 radius:0.100000 mass:0.100000
type:0 material:1 pos:1.880255,-1.399033,1.575281 radius:0.100000 mass:0.100000
